SWMM5 Interface File
Galviate 
60   - reporting time step in sec
1    - number of constituents as listed below:
FLOW CMS
1    - number of nodes as listed below:
1
Node             Year Mon Day Hr  Min Sec FLOW      
1                2020 07  09  00  00  00  0.000000  
1                2020 07  09  00  01  00  0.000000  
1                2020 07  09  00  02  00  0.000000  
1                2020 07  09  00  03  00  0.000000  
1                2020 07  09  00  04  00  0.000000  
1                2020 07  09  00  05  00  0.000000  
1                2020 07  09  00  06  00  0.000000  
1                2020 07  09  00  07  00  0.000000  
1                2020 07  09  00  08  00  0.000000  
1                2020 07  09  00  09  00  0.000000  
1                2020 07  09  00  10  00  0.000000  
1                2020 07  09  00  11  00  0.000000  
1                2020 07  09  00  12  00  0.000000  
1                2020 07  09  00  13  00  0.000000  
1                2020 07  09  00  14  00  0.000000  
1                2020 07  09  00  15  00  0.000000  
1                2020 07  09  00  16  00  0.000000  
1                2020 07  09  00  17  00  0.000000  
1                2020 07  09  00  18  00  0.000000  
1                2020 07  09  00  19  00  0.000000  
1                2020 07  09  00  20  00  0.000000  
1                2020 07  09  00  21  00  0.000000  
1                2020 07  09  00  22  00  0.000000  
1                2020 07  09  00  23  00  0.000000  
1                2020 07  09  00  24  00  0.000000  
1                2020 07  09  00  25  00  0.000000  
1                2020 07  09  00  26  00  0.000000  
1                2020 07  09  00  27  00  0.000000  
1                2020 07  09  00  28  00  0.000000  
1                2020 07  09  00  29  00  0.000000  
1                2020 07  09  00  30  00  0.000000  
1                2020 07  09  00  31  00  0.000000  
1                2020 07  09  00  32  00  0.000000  
1                2020 07  09  00  33  00  0.000000  
1                2020 07  09  00  34  00  0.000000  
1                2020 07  09  00  35  00  0.000000  
1                2020 07  09  00  36  00  0.000000  
1                2020 07  09  00  37  00  0.000000  
1                2020 07  09  00  38  00  0.000000  
1                2020 07  09  00  39  00  0.000000  
1                2020 07  09  00  40  00  0.000000  
1                2020 07  09  00  41  00  0.000000  
1                2020 07  09  00  42  00  0.000000  
1                2020 07  09  00  43  00  0.000000  
1                2020 07  09  00  44  00  0.000000  
1                2020 07  09  00  45  00  0.000000  
1                2020 07  09  00  46  00  0.000000  
1                2020 07  09  00  47  00  0.000000  
1                2020 07  09  00  48  00  0.000000  
1                2020 07  09  00  49  00  0.000000  
1                2020 07  09  00  50  00  0.000000  
1                2020 07  09  00  51  00  0.000000  
1                2020 07  09  00  52  00  0.000000  
1                2020 07  09  00  53  00  0.000000  
1                2020 07  09  00  54  00  0.000000  
1                2020 07  09  00  55  00  0.000000  
1                2020 07  09  00  56  00  0.000000  
1                2020 07  09  00  57  00  0.000000  
1                2020 07  09  00  58  00  0.000000  
1                2020 07  09  00  59  00  0.000000  
1                2020 07  09  01  00  00  0.000000  
1                2020 07  09  01  01  00  0.000000  
1                2020 07  09  01  02  00  0.000000  
1                2020 07  09  01  03  00  0.000000  
1                2020 07  09  01  04  00  0.000000  
1                2020 07  09  01  05  00  0.000000  
1                2020 07  09  01  06  00  0.000000  
1                2020 07  09  01  07  00  0.000000  
1                2020 07  09  01  08  00  0.000000  
1                2020 07  09  01  09  00  0.000000  
1                2020 07  09  01  10  00  0.000000  
1                2020 07  09  01  11  00  0.000000  
1                2020 07  09  01  12  00  0.000000  
1                2020 07  09  01  13  00  0.000000  
1                2020 07  09  01  14  00  0.000000  
1                2020 07  09  01  15  00  0.000000  
1                2020 07  09  01  16  00  0.000660  
1                2020 07  09  01  17  00  0.010062  
1                2020 07  09  01  18  00  0.044925  
1                2020 07  09  01  19  00  0.122513  
1                2020 07  09  01  20  00  0.244761  
1                2020 07  09  01  21  00  0.338223  
1                2020 07  09  01  22  00  0.339625  
1                2020 07  09  01  23  00  0.356118  
1                2020 07  09  01  24  00  0.361867  
1                2020 07  09  01  25  00  0.367623  
1                2020 07  09  01  26  00  0.358382  
1                2020 07  09  01  27  00  0.345229  
1                2020 07  09  01  28  00  0.333748  
1                2020 07  09  01  29  00  0.322216  
1                2020 07  09  01  30  00  0.306841  
1                2020 07  09  01  31  00  0.296272  
1                2020 07  09  01  32  00  0.265801  
1                2020 07  09  01  33  00  0.148045  
1                2020 07  09  01  34  00  0.118419  
1                2020 07  09  01  35  00  0.095396  
1                2020 07  09  01  36  00  0.076274  
1                2020 07  09  01  37  00  0.061303  
1                2020 07  09  01  38  00  0.048918  
1                2020 07  09  01  39  00  0.039062  
1                2020 07  09  01  40  00  0.030748  
1                2020 07  09  01  41  00  0.023964  
1                2020 07  09  01  42  00  0.018563  
1                2020 07  09  01  43  00  0.014143  
1                2020 07  09  01  44  00  0.010736  
1                2020 07  09  01  45  00  0.008128  
1                2020 07  09  01  46  00  0.005867  
1                2020 07  09  01  47  00  0.004254  
1                2020 07  09  01  48  00  0.003007  
1                2020 07  09  01  49  00  0.002009  
1                2020 07  09  01  50  00  0.001315  
1                2020 07  09  01  51  00  0.000851  
1                2020 07  09  01  52  00  0.000601  
1                2020 07  09  01  53  00  0.000461  
1                2020 07  09  01  54  00  0.000360  
1                2020 07  09  01  55  00  0.000292  
1                2020 07  09  01  56  00  0.000245  
1                2020 07  09  01  57  00  0.000208  
1                2020 07  09  01  58  00  0.000179  
1                2020 07  09  01  59  00  0.000154  
1                2020 07  09  02  00  00  0.000134  
1                2020 07  09  02  01  00  0.000116  
1                2020 07  09  02  02  00  0.000101  
1                2020 07  09  02  03  00  0.000088  
1                2020 07  09  02  04  00  0.000076  
1                2020 07  09  02  05  00  0.000066  
1                2020 07  09  02  06  00  0.000057  
1                2020 07  09  02  07  00  0.000049  
1                2020 07  09  02  08  00  0.000043  
1                2020 07  09  02  09  00  0.000037  
1                2020 07  09  02  10  00  0.000032  
1                2020 07  09  02  11  00  0.000027  
1                2020 07  09  02  12  00  0.000023  
1                2020 07  09  02  13  00  0.000020  
1                2020 07  09  02  14  00  0.000017  
1                2020 07  09  02  15  00  0.000014  
1                2020 07  09  02  16  00  0.000012  
1                2020 07  09  02  17  00  0.000011  
1                2020 07  09  02  18  00  0.000009  
1                2020 07  09  02  19  00  0.000008  
1                2020 07  09  02  20  00  0.000007  
1                2020 07  09  02  21  00  0.000006  
1                2020 07  09  02  22  00  0.000006  
1                2020 07  09  02  23  00  0.000005  
1                2020 07  09  02  24  00  0.000004  
1                2020 07  09  02  25  00  0.000003  
1                2020 07  09  02  26  00  0.000000  
1                2020 07  09  02  27  00  0.000000  
1                2020 07  09  02  28  00  0.000000  
1                2020 07  09  02  29  00  0.000000  
1                2020 07  09  02  30  00  0.000000  
1                2020 07  09  02  31  00  0.000000  
1                2020 07  09  02  32  00  0.000000  
1                2020 07  09  02  33  00  0.000000  
1                2020 07  09  02  34  00  0.000000  
1                2020 07  09  02  35  00  0.000000  
1                2020 07  09  02  36  00  0.000000  
1                2020 07  09  02  37  00  0.000000  
1                2020 07  09  02  38  00  0.000000  
1                2020 07  09  02  39  00  0.000000  
1                2020 07  09  02  40  00  0.000000  
1                2020 07  09  02  41  00  0.000000  
1                2020 07  09  02  42  00  0.000000  
1                2020 07  09  02  43  00  0.000000  
1                2020 07  09  02  44  00  0.000000  
1                2020 07  09  02  45  00  0.000000  
1                2020 07  09  02  46  00  0.000000  
1                2020 07  09  02  47  00  0.000000  
1                2020 07  09  02  48  00  0.000000  
1                2020 07  09  02  49  00  0.000000  
1                2020 07  09  02  50  00  0.000000  
1                2020 07  09  02  51  00  0.000000  
1                2020 07  09  02  52  00  0.000000  
1                2020 07  09  02  53  00  0.000000  
1                2020 07  09  02  54  00  0.000000  
1                2020 07  09  02  55  00  0.000000  
1                2020 07  09  02  56  00  0.000000  
1                2020 07  09  02  57  00  0.000000  
1                2020 07  09  02  58  00  0.000000  
1                2020 07  09  02  59  00  0.000000  
1                2020 07  09  03  00  00  0.000000  
1                2020 07  09  03  01  00  0.000000  
1                2020 07  09  03  02  00  0.000000  
1                2020 07  09  03  03  00  0.000000  
1                2020 07  09  03  04  00  0.000000  
1                2020 07  09  03  05  00  0.000000  
1                2020 07  09  03  06  00  0.000000  
1                2020 07  09  03  07  00  0.000000  
1                2020 07  09  03  08  00  0.000000  
1                2020 07  09  03  09  00  0.000000  
1                2020 07  09  03  10  00  0.000000  
1                2020 07  09  03  11  00  0.000000  
1                2020 07  09  03  12  00  0.000000  
1                2020 07  09  03  13  00  0.000000  
1                2020 07  09  03  14  00  0.000012  
1                2020 07  09  03  15  00  0.000000  
1                2020 07  09  03  16  00  0.000000  
1                2020 07  09  03  17  00  0.000000  
1                2020 07  09  03  18  00  0.000000  
1                2020 07  09  03  19  00  0.000000  
1                2020 07  09  03  20  00  0.000000  
1                2020 07  09  03  21  00  0.000000  
1                2020 07  09  03  22  00  0.000000  
1                2020 07  09  03  23  00  0.000000  
1                2020 07  09  03  24  00  0.000000  
1                2020 07  09  03  25  00  0.000000  
1                2020 07  09  03  26  00  0.000000  
1                2020 07  09  03  27  00  0.000000  
1                2020 07  09  03  28  00  0.000000  
1                2020 07  09  03  29  00  0.000000  
1                2020 07  09  03  30  00  0.000000  
1                2020 07  09  03  31  00  0.000000  
1                2020 07  09  03  32  00  0.000000  
1                2020 07  09  03  33  00  0.000000  
1                2020 07  09  03  34  00  0.000000  
1                2020 07  09  03  35  00  0.000000  
1                2020 07  09  03  36  00  0.000000  
1                2020 07  09  03  37  00  0.000000  
1                2020 07  09  03  38  00  0.000000  
1                2020 07  09  03  39  00  0.000000  
1                2020 07  09  03  40  00  0.000000  
1                2020 07  09  03  41  00  0.000000  
1                2020 07  09  03  42  00  0.000000  
1                2020 07  09  03  43  00  0.000000  
1                2020 07  09  03  44  00  0.000000  
1                2020 07  09  03  45  00  0.000000  
1                2020 07  09  03  46  00  0.000000  
1                2020 07  09  03  47  00  0.000000  
1                2020 07  09  03  48  00  0.000000  
1                2020 07  09  03  49  00  0.000000  
1                2020 07  09  03  50  00  0.000000  
1                2020 07  09  03  51  00  0.000000  
1                2020 07  09  03  52  00  0.000000  
1                2020 07  09  03  53  00  0.000000  
1                2020 07  09  03  54  00  0.000000  
1                2020 07  09  03  55  00  0.000000  
1                2020 07  09  03  56  00  0.000000  
1                2020 07  09  03  57  00  0.000000  
1                2020 07  09  03  58  00  0.000000  
1                2020 07  09  03  59  00  0.000000  