1287             529522.700         5074170.140       
1296             529559.127         5074300.041       
20107            529149.297         5074137.685       
20108            529201.088         5074135.826       
20109            529247.141         5074129.313       
20110            529298.851         5074100.919       
20111            529320.310         5074092.799       
20119            529283.621         5074181.036       
20120            529331.979         5074166.626       
20121            529310.837         5074131.953       
20122            529319.554         5074098.901       
20123            529388.926         5074092.470       
20124            529465.193         5074192.323       
20125            529413.216         5074217.911       
20126            529348.614         5074228.368       
20127            529315.880         5074234.620       
20128            529285.262         5074233.806       
20129            529284.590         5074240.893       
20130            529301.996         5074243.456       
20131            529338.234         5074249.626       
20132            529365.610         5074259.350       
20133            529406.102         5074266.258       
20135            529528.696         5074257.537       
20136            529536.239         5074208.786       
20138            529521.103         5074163.710       
20977            529419.348         5074268.994       
22169            529367.183         5074157.436       
20117            529272.011         5073993.445       
20116            529307.414         5074023.627       
23233            529313.498         5074026.497       
1                529231.834         5073951.164      