SWMM5 Interface File
Galviate 
60   - reporting time step in sec
1    - number of constituents as listed below:
FLOW CMS
1    - number of nodes as listed below:
1
Node             Year Mon Day Hr  Min Sec FLOW      
1                2020 07  09  00  00  00  0.000000  
1                2020 07  09  00  01  00  0.000000  
1                2020 07  09  00  02  00  0.000000  
1                2020 07  09  00  03  00  0.000000  
1                2020 07  09  00  04  00  0.000000  
1                2020 07  09  00  05  00  0.000000  
1                2020 07  09  00  06  00  0.000000  
1                2020 07  09  00  07  00  0.000000  
1                2020 07  09  00  08  00  0.000000  
1                2020 07  09  00  09  00  0.000000  
1                2020 07  09  00  10  00  0.000000  
1                2020 07  09  00  11  00  0.000000  
1                2020 07  09  00  12  00  0.000000  
1                2020 07  09  00  13  00  0.000000  
1                2020 07  09  00  14  00  0.000000  
1                2020 07  09  00  15  00  0.000000  
1                2020 07  09  00  16  00  0.000000  
1                2020 07  09  00  17  00  0.000000  
1                2020 07  09  00  18  00  0.000000  
1                2020 07  09  00  19  00  0.000000  
1                2020 07  09  00  20  00  0.000000  
1                2020 07  09  00  21  00  0.000000  
1                2020 07  09  00  22  00  0.000000  
1                2020 07  09  00  23  00  0.000000  
1                2020 07  09  00  24  00  0.000000  
1                2020 07  09  00  25  00  0.000000  
1                2020 07  09  00  26  00  0.000000  
1                2020 07  09  00  27  00  0.000000  
1                2020 07  09  00  28  00  0.000000  
1                2020 07  09  00  29  00  0.000000  
1                2020 07  09  00  30  00  0.000000  
1                2020 07  09  00  31  00  0.000000  
1                2020 07  09  00  32  00  0.000000  
1                2020 07  09  00  33  00  0.000000  
1                2020 07  09  00  34  00  0.000000  
1                2020 07  09  00  35  00  0.000000  
1                2020 07  09  00  36  00  0.000000  
1                2020 07  09  00  37  00  0.000000  
1                2020 07  09  00  38  00  0.000000  
1                2020 07  09  00  39  00  0.000000  
1                2020 07  09  00  40  00  0.000000  
1                2020 07  09  00  41  00  0.000000  
1                2020 07  09  00  42  00  0.000000  
1                2020 07  09  00  43  00  0.000000  
1                2020 07  09  00  44  00  0.000000  
1                2020 07  09  00  45  00  0.000000  
1                2020 07  09  00  46  00  0.000000  
1                2020 07  09  00  47  00  0.000000  
1                2020 07  09  00  48  00  0.000000  
1                2020 07  09  00  49  00  0.000000  
1                2020 07  09  00  50  00  0.000000  
1                2020 07  09  00  51  00  0.000000  
1                2020 07  09  00  52  00  0.000000  
1                2020 07  09  00  53  00  0.000000  
1                2020 07  09  00  54  00  0.000000  
1                2020 07  09  00  55  00  0.000000  
1                2020 07  09  00  56  00  0.000000  
1                2020 07  09  00  57  00  0.000000  
1                2020 07  09  00  58  00  0.000000  
1                2020 07  09  00  59  00  0.000000  
1                2020 07  09  01  00  00  0.000000  
1                2020 07  09  01  01  00  0.000000  
1                2020 07  09  01  02  00  0.000000  
1                2020 07  09  01  03  00  0.000000  
1                2020 07  09  01  04  00  0.000000  
1                2020 07  09  01  05  00  0.000000  
1                2020 07  09  01  06  00  0.000000  
1                2020 07  09  01  07  00  0.000000  
1                2020 07  09  01  08  00  0.000000  
1                2020 07  09  01  09  00  0.000000  
1                2020 07  09  01  10  00  0.000000  
1                2020 07  09  01  11  00  0.000000  
1                2020 07  09  01  12  00  0.000000  
1                2020 07  09  01  13  00  0.000000  
1                2020 07  09  01  14  00  0.000000  
1                2020 07  09  01  15  00  0.000000  
1                2020 07  09  01  16  00  0.000000  
1                2020 07  09  01  17  00  0.000000  
1                2020 07  09  01  18  00  0.000000  
1                2020 07  09  01  19  00  0.000000  
1                2020 07  09  01  20  00  0.000000  
1                2020 07  09  01  21  00  0.000000  
1                2020 07  09  01  22  00  0.000000  
1                2020 07  09  01  23  00  0.000000  
1                2020 07  09  01  24  00  0.000000  
1                2020 07  09  01  25  00  0.000000  
1                2020 07  09  01  26  00  0.000000  
1                2020 07  09  01  27  00  0.000000  
1                2020 07  09  01  28  00  0.000000  
1                2020 07  09  01  29  00  0.000000  
1                2020 07  09  01  30  00  0.000000  
1                2020 07  09  01  31  00  0.000016  
1                2020 07  09  01  32  00  0.000314  
1                2020 07  09  01  33  00  0.005331  
1                2020 07  09  01  34  00  0.019676  
1                2020 07  09  01  35  00  0.055257  
1                2020 07  09  01  36  00  0.125631  
1                2020 07  09  01  37  00  0.222576  
1                2020 07  09  01  38  00  0.330785  
1                2020 07  09  01  39  00  0.363745  
1                2020 07  09  01  40  00  0.400155  
1                2020 07  09  01  41  00  0.424219  
1                2020 07  09  01  42  00  0.448125  
1                2020 07  09  01  43  00  0.471001  
1                2020 07  09  01  44  00  0.492553  
1                2020 07  09  01  45  00  0.512826  
1                2020 07  09  01  46  00  0.498889  
1                2020 07  09  01  47  00  0.477088  
1                2020 07  09  01  48  00  0.458705  
1                2020 07  09  01  49  00  0.443466  
1                2020 07  09  01  50  00  0.430559  
1                2020 07  09  01  51  00  0.419587  
1                2020 07  09  01  52  00  0.410323  
1                2020 07  09  01  53  00  0.402337  
1                2020 07  09  01  54  00  0.395412  
1                2020 07  09  01  55  00  0.389497  
1                2020 07  09  01  56  00  0.384352  
1                2020 07  09  01  57  00  0.379861  
1                2020 07  09  01  58  00  0.375931  
1                2020 07  09  01  59  00  0.372497  
1                2020 07  09  02  00  00  0.369482  
1                2020 07  09  02  01  00  0.364312  
1                2020 07  09  02  02  00  0.358794  
1                2020 07  09  02  03  00  0.353876  
1                2020 07  09  02  04  00  0.349651  
1                2020 07  09  02  05  00  0.345844  
1                2020 07  09  02  06  00  0.342456  
1                2020 07  09  02  07  00  0.339485  
1                2020 07  09  02  08  00  0.336834  
1                2020 07  09  02  09  00  0.334430  
1                2020 07  09  02  10  00  0.332306  
1                2020 07  09  02  11  00  0.330403  
1                2020 07  09  02  12  00  0.328694  
1                2020 07  09  02  13  00  0.327159  
1                2020 07  09  02  14  00  0.325778  
1                2020 07  09  02  15  00  0.324552  
1                2020 07  09  02  16  00  0.318890  
1                2020 07  09  02  17  00  0.305808  
1                2020 07  09  02  18  00  0.298166  
1                2020 07  09  02  19  00  0.291015  
1                2020 07  09  02  20  00  0.283877  
1                2020 07  09  02  21  00  0.175705  
1                2020 07  09  02  22  00  0.151544  
1                2020 07  09  02  23  00  0.132829  
1                2020 07  09  02  24  00  0.116734  
1                2020 07  09  02  25  00  0.102650  
1                2020 07  09  02  26  00  0.090815  
1                2020 07  09  02  27  00  0.080251  
1                2020 07  09  02  28  00  0.071031  
1                2020 07  09  02  29  00  0.062945  
1                2020 07  09  02  30  00  0.055918  
1                2020 07  09  02  31  00  0.049685  
1                2020 07  09  02  32  00  0.044210  
1                2020 07  09  02  33  00  0.039351  
1                2020 07  09  02  34  00  0.035005  
1                2020 07  09  02  35  00  0.030999  
1                2020 07  09  02  36  00  0.027691  
1                2020 07  09  02  37  00  0.024693  
1                2020 07  09  02  38  00  0.021959  
1                2020 07  09  02  39  00  0.019569  
1                2020 07  09  02  40  00  0.017380  
1                2020 07  09  02  41  00  0.015521  
1                2020 07  09  02  42  00  0.013821  
1                2020 07  09  02  43  00  0.012193  
1                2020 07  09  02  44  00  0.010750  
1                2020 07  09  02  45  00  0.009510  
1                2020 07  09  02  46  00  0.008455  
1                2020 07  09  02  47  00  0.007442  
1                2020 07  09  02  48  00  0.006576  
1                2020 07  09  02  49  00  0.005778  
1                2020 07  09  02  50  00  0.005122  
1                2020 07  09  02  51  00  0.004492  
1                2020 07  09  02  52  00  0.003967  
1                2020 07  09  02  53  00  0.003462  
1                2020 07  09  02  54  00  0.003013  
1                2020 07  09  02  55  00  0.002595  
1                2020 07  09  02  56  00  0.002264  
1                2020 07  09  02  57  00  0.001959  
1                2020 07  09  02  58  00  0.001669  
1                2020 07  09  02  59  00  0.001438  
1                2020 07  09  03  00  00  0.001266  
1                2020 07  09  03  01  00  0.001134  
1                2020 07  09  03  02  00  0.001026  
1                2020 07  09  03  03  00  0.000936  
1                2020 07  09  03  04  00  0.000858  
1                2020 07  09  03  05  00  0.000790  
1                2020 07  09  03  06  00  0.000730  
1                2020 07  09  03  07  00  0.000678  
1                2020 07  09  03  08  00  0.000633  
1                2020 07  09  03  09  00  0.000596  
1                2020 07  09  03  10  00  0.000567  
1                2020 07  09  03  11  00  0.000548  
1                2020 07  09  03  12  00  0.000535  
1                2020 07  09  03  13  00  0.000525  
1                2020 07  09  03  14  00  0.000516  
1                2020 07  09  03  15  00  0.000508  
1                2020 07  09  03  16  00  0.000499  
1                2020 07  09  03  17  00  0.000492  
1                2020 07  09  03  18  00  0.000484  
1                2020 07  09  03  19  00  0.000477  
1                2020 07  09  03  20  00  0.000470  
1                2020 07  09  03  21  00  0.000463  
1                2020 07  09  03  22  00  0.000456  
1                2020 07  09  03  23  00  0.000449  
1                2020 07  09  03  24  00  0.000442  
1                2020 07  09  03  25  00  0.000436  
1                2020 07  09  03  26  00  0.000429  
1                2020 07  09  03  27  00  0.000422  
1                2020 07  09  03  28  00  0.000416  
1                2020 07  09  03  29  00  0.000411  
1                2020 07  09  03  30  00  0.000406  
1                2020 07  09  03  31  00  0.000401  
1                2020 07  09  03  32  00  0.000395  
1                2020 07  09  03  33  00  0.000390  
1                2020 07  09  03  34  00  0.000385  
1                2020 07  09  03  35  00  0.000379  
1                2020 07  09  03  36  00  0.000374  
1                2020 07  09  03  37  00  0.000370  
1                2020 07  09  03  38  00  0.000365  
1                2020 07  09  03  39  00  0.000360  
1                2020 07  09  03  40  00  0.000355  
1                2020 07  09  03  41  00  0.000351  
1                2020 07  09  03  42  00  0.000347  
1                2020 07  09  03  43  00  0.000342  
1                2020 07  09  03  44  00  0.000338  
1                2020 07  09  03  45  00  0.000334  
1                2020 07  09  03  46  00  0.000330  
1                2020 07  09  03  47  00  0.000325  
1                2020 07  09  03  48  00  0.000321  
1                2020 07  09  03  49  00  0.000318  
1                2020 07  09  03  50  00  0.000314  
1                2020 07  09  03  51  00  0.000310  
1                2020 07  09  03  52  00  0.000306  
1                2020 07  09  03  53  00  0.000303  
1                2020 07  09  03  54  00  0.000299  
1                2020 07  09  03  55  00  0.000295  
1                2020 07  09  03  56  00  0.000292  
1                2020 07  09  03  57  00  0.000289  
1                2020 07  09  03  58  00  0.000285  
1                2020 07  09  03  59  00  0.000282  